
-120.416267395, 35.8784446716
-120.419479370, 35.8811035156
-120.422492981, 35.8836975098
-120.425315857, 35.8864784241
-120.427146912, 35.8882675171


-120.420562744, 35.8832359314
-120.424468994, 35.8865280151
-120.425430298, 35.8874244690


-120.427154541, 35.8882789612
-120.427444458, 35.8886375427
-120.427772522, 35.8890228271
-120.428138733, 35.8895149231
-120.428367615, 35.8898086548
-120.428634644, 35.8900680542
-120.429069519, 35.8903884888
-120.429527283, 35.8906517029
-120.430030823, 35.8909835815
-120.430473328, 35.8912582397
-120.431053162, 35.8917007446
-120.431449890, 35.8920516968
-120.431922913, 35.8925056458
-120.432495117, 35.8929824829
-120.433471680, 35.8938980103
-120.433784485, 35.8942146301


-120.433387756, 35.8939743042
-120.434394836, 35.8948593140
-120.436286926, 35.8967247009
-120.440399170, 35.9004058838
-120.441040039, 35.9010391235


-120.440536499, 35.9007301331
-120.441505432, 35.9015464783
-120.443359375, 35.9033317566
-120.445198059, 35.9052848816
-120.445716858, 35.9058151245
-120.446823120, 35.9068336487
-120.447669983, 35.9076614380


-120.447364807, 35.9075927734
-120.447959900, 35.9081459045
-120.449935913, 35.9101181030
-120.451568604, 35.9117317200
-120.453468323, 35.9135360718
-120.454231262, 35.9141921997
-120.454856873, 35.9147529602


-120.454872131, 35.9147529602
-120.455383301, 35.9152526855
-120.455917358, 35.9156570435
-120.456489563, 35.9162139893
-120.456947327, 35.9167289734
-120.457389832, 35.9171295166
-120.457847595, 35.9174995422
-120.458534241, 35.9179916382
-120.459312439, 35.9184875488
-120.459762573, 35.9189071655
-120.460014343, 35.9191932678
-120.460235596, 35.9195137024
-120.460395813, 35.9197235107
-120.460853577, 35.9202270508
-120.461280823, 35.9206390381


-120.461303711, 35.9206581116
-120.462242126, 35.9214630127
-120.462997437, 35.9219589233
-120.463157654, 35.9221496582
-120.463905334, 35.9226875305
-120.465263367, 35.9240570068
-120.466148376, 35.9249572754
-120.466781616, 35.9255218506
-120.467506409, 35.9260063171
-120.468315125, 35.9265556335
-120.468963623, 35.9270782471
-120.469696045, 35.9276847839
-120.469978333, 35.9279708862
-120.470245361, 35.9282913208
-120.470916748, 35.9289436340
-120.471824646, 35.9299125671
-120.472145081, 35.9302787781
-120.472526550, 35.9305877686
-120.473251343, 35.9311904907
-120.474563599, 35.9323844910


-120.475952148, 35.9336967468
-120.476600647, 35.9343185425
-120.477165222, 35.9348144531
-120.477928162, 35.9354209900


-120.480392456, 35.9370269775
-120.481857300, 35.9381637573


-120.483192444, 35.9389114380
-120.484077454, 35.9399566650
-120.484199524, 35.9401321411
-120.484779358, 35.9407081604
-120.485313416, 35.9413795471
-120.485633850, 35.9419441223
-120.486030579, 35.9427642822


-120.485885620, 35.9416313171
-120.486213684, 35.9421730042
-120.486457825, 35.9427566528
-120.486717224, 35.9432106018
-120.487083435, 35.9436035156
-120.487510681, 35.9440612793


-120.487617493, 35.9439086914
-120.487823486, 35.9442558289
-120.488616943, 35.9457206726
-120.488746643, 35.9458885193
-120.488883972, 35.9460296631
-120.490371704, 35.9472007751
-120.491760254, 35.9483566284
-120.492904663, 35.9494628906
-120.493141174, 35.9496459961


-120.493949890, 35.9502716064
-120.493682861, 35.9501380920
-120.493164062, 35.9498939514
-120.492637634, 35.9496116638


-120.491371155, 35.9488525391
-120.492225647, 35.9496879578
-120.493438721, 35.9504623413
-120.493995667, 35.9507369995
-120.494804382, 35.9513320923
-120.495674133, 35.9519081116
-120.496894836, 35.9526901245


-120.497062683, 35.9527969360
-120.497612000, 35.9531059265
-120.499595642, 35.9543876648
-120.500114441, 35.9547538757
-120.500488281, 35.9550971985
-120.500770569, 35.9553527832
-120.501029968, 35.9556579590
-120.501808167, 35.9564208984
-120.501914978, 35.9565162659
-120.502563477, 35.9569587708
-120.503089905, 35.9573822021


-120.510757446, 35.9637565613
-120.511482239, 35.9643325806


-120.511497498, 35.9643402100
-120.512397766, 35.9648857117
-120.513366699, 35.9652976990


-120.513381958, 35.9653015137
-120.515495300, 35.9660911560


-120.515502930, 35.9660987854
-120.516281128, 35.9664993286
-120.517127991, 35.9669952393
-120.518096924, 35.9676780701


-120.521965027, 35.9706077576
-120.519996643, 35.9690704346
-120.518127441, 35.9676856995


-120.524635315, 35.9731597900
-120.524314880, 35.9729499817
-120.523979187, 35.9727478027
-120.523757935, 35.9725875854
-120.523658752, 35.9725036621
-120.523445129, 35.9723281860
-120.523231506, 35.9720916748
-120.523025513, 35.9718437195
-120.522781372, 35.9715576172
-120.522529602, 35.9712486267
-120.522377014, 35.9710350037


-120.524658203, 35.9731750488
-120.524894714, 35.9733810425
-120.525146484, 35.9735870361
-120.525405884, 35.9738388062
-120.525787354, 35.9741630554
-120.526176453, 35.9744377136
-120.526702881, 35.9748191833
-120.527122498, 35.9751358032
-120.527534485, 35.9754486084
-120.528007507, 35.9758033752
-120.528259277, 35.9759941101


-120.528236389, 35.9759864807
-120.528327942, 35.9760551453
-120.528457642, 35.9761276245
-120.528625488, 35.9762077332
-120.528732300, 35.9762687683
-120.528808594, 35.9763259888
-120.528892517, 35.9764175415
-120.528976440, 35.9765510559
-120.529029846, 35.9766464233
-120.529129028, 35.9767761230
-120.529235840, 35.9769020081
-120.529350281, 35.9770011902
-120.529510498, 35.9771270752
-120.529640198, 35.9772224426
-120.529785156, 35.9773674011


-120.529861450, 35.9777870178
-120.530319214, 35.9781074524
-120.530616760, 35.9783210754
-120.530998230, 35.9785804749
-120.531318665, 35.9787979126
-120.531631470, 35.9790077209
-120.531890869, 35.9792060852


-120.533012390, 35.9801101685
-120.532936096, 35.9800186157
-120.532836914, 35.9799118042
-120.532737732, 35.9797973633
-120.532608032, 35.9796714783
-120.532440186, 35.9795684814
-120.532257080, 35.9794425964
-120.532066345, 35.9793128967
-120.531913757, 35.9792175293


-120.532325745, 35.9806556702
-120.532203674, 35.9805870056
-120.532012939, 35.9804573059
-120.531921387, 35.9803733826
-120.531822205, 35.9802703857
-120.531692505, 35.9801216125
-120.531562805, 35.9799537659
-120.531410217, 35.9797401428
-120.531211853, 35.9795036316


-120.533020020, 35.9801177979
-120.533187866, 35.9803390503
-120.533332825, 35.9805145264
-120.533477783, 35.9806747437
-120.533653259, 35.9808692932
-120.533843994, 35.9810447693
-120.534034729, 35.9812278748
-120.534332275, 35.9814720154
-120.534759521, 35.9817581177
-120.535194397, 35.9820365906
-120.535430908, 35.9821777344


-120.535446167, 35.9821777344
-120.535598755, 35.9822731018
-120.535728455, 35.9823760986
-120.535804749, 35.9824867249


-120.535804749, 35.9824867249
-120.536201477, 35.9831657410
-120.536636353, 35.9838485718
-120.536903381, 35.9842910767
-120.537048340, 35.9846153259
-120.537155151, 35.9849014282


-120.536903381, 35.9842796326
-120.537132263, 35.9846000671
-120.537239075, 35.9847526550
-120.537300110, 35.9848594666


-120.537300110, 35.9848365784
-120.537490845, 35.9851264954
-120.537643433, 35.9853363037
-120.537834167, 35.9855575562
-120.538002014, 35.9857673645
-120.538177490, 35.9859466553
-120.538414001, 35.9861907959
-120.538749695, 35.9865112305
-120.539848328, 35.9874038696


-120.539558411, 35.9868965149
-120.539794922, 35.9871063232
-120.540153503, 35.9873886108
-120.540534973, 35.9876747131
-120.541015625, 35.9880218506
-120.541404724, 35.9883308411
-120.541893005, 35.9887351990
-120.542312622, 35.9891014099
-120.542564392, 35.9893417358
-120.543174744, 35.9899101257
-120.543754578, 35.9904289246
-120.544059753, 35.9907493591
-120.544395447, 35.9910964966
-120.544639587, 35.9913864136


-120.544654846, 35.9914016724
-120.544921875, 35.9918136597
-120.545074463, 35.9920845032


-120.545089722, 35.9921112061
-120.545547485, 35.9924011230
-120.545906067, 35.9926643372
-120.546981812, 35.9933776855
-120.547401428, 35.9937171936


-120.546020508, 35.9918594360
-120.546852112, 35.9924392700
-120.547225952, 35.9927406311
-120.547607422, 35.9930610657
-120.547920227, 35.9933547974
-120.548225403, 35.9936676025
-120.548683167, 35.9941062927
-120.549514771, 35.9948425293


-120.551681519, 35.9964866638
-120.551177979, 35.9959182739


-120.551162720, 35.9959106445
-120.550720215, 35.9955062866
-120.550064087, 35.9948730469


-120.550270081, 35.9946632385
-120.550727844, 35.9950637817
-120.551086426, 35.9954032898
-120.551437378, 35.9957275391
-120.551589966, 35.9959030151
-120.551742554, 35.9961318970
-120.551948547, 35.9964981079
-120.552246094, 35.9968757629
-120.552497864, 35.9972114563


-120.554214478, 35.9992485046
-120.552513123, 35.9972190857


-120.554046631, 35.9970970154
-120.554962158, 35.9983558655


-120.554962158, 35.9983558655
-120.555755615, 35.9991798401
-120.556098938, 35.9995384216
-120.556434631, 35.9998321533
-120.556739807, 36.0001296997
-120.557044983, 36.0005111694
-120.557395935, 36.0010795593
-120.558258057, 36.0022811890


-120.558959961, 36.0022430420
-120.559234619, 36.0026473999
-120.559631348, 36.0031623840
-120.560020447, 36.0036048889
-120.560417175, 36.0040168762
-120.560783386, 36.0043754578
-120.561347961, 36.0049362183


-120.561355591, 36.0049552917
-120.561622620, 36.0052299500


-120.560249329, 36.0037269592
-120.561218262, 36.0044403076
-120.561607361, 36.0047035217
-120.561752319, 36.0048179626


-120.561721802, 36.0047988892
-120.562980652, 36.0059204102


-120.563140869, 36.0060729980
-120.562370300, 36.0045776367


-120.564552307, 36.0070686340
-120.564102173, 36.0057449341


-120.564422607, 36.0069999695
-120.564079285, 36.0062179565


-120.565330505, 36.0071029663
-120.565986633, 36.0081634521


-120.566070557, 36.0066909790
-120.567512512, 36.0081138611


-120.566513062, 36.0083465576
-120.566879272, 36.0085983276


-120.561416626, 36.0052871704
-120.561782837, 36.0055694580
-120.562133789, 36.0057411194
-120.562637329, 36.0059661865
-120.563095093, 36.0061798096
-120.563354492, 36.0063056946
-120.563529968, 36.0064125061
-120.563758850, 36.0065765381
-120.564048767, 36.0068206787
-120.564285278, 36.0070114136
-120.564559937, 36.0072860718
-120.564773560, 36.0075111389
-120.565696716, 36.0085029602


-120.565704346, 36.0085067749
-120.566017151, 36.0088882446
-120.566223145, 36.0092201233
-120.566413879, 36.0095939636
-120.566696167, 36.0101547241


-120.566787720, 36.0086326599
-120.567276001, 36.0090103149
-120.567657471, 36.0092735291
-120.568153381, 36.0096588135
-120.569343567, 36.0105361938


-120.568641663, 36.0106658936
-120.568046570, 36.0098991394
-120.567672729, 36.0094032288
-120.567497253, 36.0091552734


-120.569351196, 36.0105400085
-120.569808960, 36.0109062195
-120.570465088, 36.0115699768
-120.570762634, 36.0119285583
-120.570816040, 36.0119972229


-120.570831299, 36.0120162964
-120.571609497, 36.0128135681
-120.572204590, 36.0134239197
-120.572494507, 36.0137176514
-120.572868347, 36.0140571594
-120.573387146, 36.0145492554
-120.573913574, 36.0150108337
-120.574371338, 36.0155601501
-120.575042725, 36.0164184570
-120.575508118, 36.0170860291


-120.572303772, 36.0129928589
-120.571266174, 36.0118522644


-120.572608948, 36.0127220154
-120.571090698, 36.0109443665


-120.483192444, 35.9389114380
-120.483123779, 35.9388504028
-120.483016968, 35.9387969971
-120.482894897, 35.9387397766
-120.482788086, 35.9386863708
-120.482673645, 35.9386215210
-120.482521057, 35.9385490417
-120.482414246, 35.9384994507
-120.482284546, 35.9384231567
-120.482200623, 35.9383621216
-120.482101440, 35.9383125305
-120.482025146, 35.9382591248
-120.481964111, 35.9382209778
-120.481857300, 35.9381637573


-120.480392456, 35.9370269775
-120.480232239, 35.9369163513
-120.479995728, 35.9367485046
-120.479721069, 35.9365692139
-120.479339600, 35.9363174438
-120.479019165, 35.9361419678
-120.478889465, 35.9360733032
-120.478469849, 35.9357948303
-120.478210449, 35.9356269836
-120.478042603, 35.9355239868
-120.477928162, 35.9354209900


-120.475952148, 35.9336967468
-120.475677490, 35.9334754944
-120.475387573, 35.9331588745
-120.475112915, 35.9328613281
-120.474861145, 35.9326515198
-120.474685669, 35.9325027466
-120.474563599, 35.9323844910


-120.503089905, 35.9573822021
-120.504188538, 35.9585685730
-120.505004883, 35.9594688416
-120.505607605, 35.9600944519
-120.506126404, 35.9605102539


-120.506126404, 35.9605102539
-120.507247925, 35.9613456726
-120.508415222, 35.9621696472
-120.509567261, 35.9629631042
-120.510757446, 35.9637565613